nombre_hoja,$ SALDO INICIAL,$ RETIROS,$ GASTOS,$ Vtas TOTAL,$ SALDO,$ SALDO REAL
11-09-2011,,450.0,0.0,435.77,-14.23,48.65
17-09-2011,,0.0,0.0,1879.09,1879.09,
18-09-2011,138.15,3150.0,236.0,3323.8199999999997,75.97,241.25
19-09-2011,241.25,700.0,0.0,575.3199999999999,116.57,168.0
20-09-2011,168.0,200.0,0.0,264.74,232.74,230.75
21-09-2011,230.75,350.0,0.0,250.5,131.25,140.0
22-09-2011,140.0,550.0,0.0,484.84000000000003,74.84,77.75
23-09-2011,77.75,0.0,0.0,202.37,280.12,279.6
24-09-2011,279.6,800.0,0.0,740.17,219.77,219.75
25-09-2011,219.75,3890.0,392.25,3832.17,-230.33,66.3
28-09-2011,66.3,890.0,30.0,922.23,68.53,80.8
29-09-2011,81.05,200.0,0.0,245.47,126.52,132.3
30-09-2011,132.3,600.0,2.5,573.8299999999999,103.63,106.3
