nombre_hoja,$ SALDO INICIAL,$ RETIROS,$ GASTOS,$ Vtas TOTAL,$ SALDO,$ SALDO REAL
01-12-2011,211.1,300.0,0.0,292.54999999999995,203.65,202.85
03-12-2011,202.85,1150.0,142.0,1212.1,122.95,119.35
04-12-2011,119.35,3730.0,240.5,3664.1099999999997,-187.04,115.1
07-12-2011,115.1,0.0,150.0,310.99,276.09,284.3
08-12-2011,284.3,800.0,0.0,723.06,207.36,198.35
10-12-2011,198.35,1300.0,116.0,1435.6599999999999,218.01,224.75
11-12-2011,224.75,3700.0,240.5,3672.92,-42.83,112.15
13-12-2011,112.15,350.0,32.0,464.99,195.14,195.9
15-12-2011,195.9,670.0,0.0,645.5899999999999,171.49,166.15
17-12-2011,166.15,800.0,0.0,805.9300000000001,172.08,165.9
18-12-2011,165.9,3175.0,408.5,3383.39,-34.21,86.85
21-12-2011,86.85,500.0,0.0,705.5699999999999,292.42,306.85
22-12-2011,306.85,510.0,0.0,509.34999999999997,306.2,307.85
23-12-2011,307.85,1250.0,0.0,1145.6799999999998,153.53,143.5
24-12-2011,143.5,4800.0,217.0,5089.32,215.82,183.9
25-12-2011,183.9,3370.0,300.0,3756.66,270.56,303.9
30-12-2011,314.9,3280.0,0.0,2974.8999999999996,30.05,71.6
31-12-2011,71.6,2210.0,177.0,2465.3,149.9,148.6
