nombre_hoja,$ SALDO INICIAL,$ RETIROS,$ GASTOS,$ Vtas TOTAL,$ SALDO,$ SALDO REAL
01-10-2011,106.3,720.0,144.0,826.8299999999999,69.13,90.8
02-10-2011,90.8,3900.0,238.0,4179.41,132.21,151.8
05-10-2011,161.8,950.0,0.0,836.3399999999999,48.14,52.05
07-10-2011,52.05,100.0,0.0,144.64,96.69,97.05
08-10-2011,97.05,300.0,214.0,553.19,136.24,133.2
14-10-2011,63.3,1060.0,0.0,1354.82,358.12,322.35
15-10-2011,322.35,2310.0,0.0,2077.88,90.23,120.7
16-10-2011,265.7,10178.75,0.0,10721.26,808.21,83.25
17-10-2011,83.25,1080.0,0.0,1273.31,276.56,195.95
22-10-2011,195.95,410.0,0.0,308.9,94.85,75.45
23-10-2011,86.55,1750.0,442.0,2128.84,23.39,103.9
24-10-2011,103.9,200.0,73.5,321.47,151.87,150.65
26-10-2011,150.45,550.0,0.0,499.17,99.62,101.45
27-10-2011,101.45,0.0,0.0,85.36,186.81,184.95
29-10-2011,184.95,1200.0,0.0,1275.57,260.52,281.7
30-10-2011,110.45,3470.0,40.5,3639.55,239.5,115.3
