nombre_hoja,$ SALDO INICIAL,$ RETIROS,$ GASTOS,$ Vtas TOTAL,$ SALDO,$ SALDO REAL
04-11-2011,115.3,2950.0,226.0,3281.7799999999997,221.08,249.45
05-11-2011,249.45,700.0,0.0,613.55,163.0,176.35
06-11-2011,176.35,3050.0,260.5,2968.1800000000003,-165.97,116.85
10-11-2011,116.85,1170.0,2.0,1197.76,142.61,139.0
11-11-2011,139.0,250.0,0.0,326.54999999999995,215.55,211.15
12-11-2011,211.15,1100.0,0.0,986.45,97.6,104.95
13-11-2011,145.2,1050.0,200.0,1206.56,101.76,102.25
16-11-2011,102.25,600.0,163.5,924.71,263.46,223.0
18-11-2011,223.0,1030.0,0.0,880.41,73.41,93.0
19-11-2011,93.0,550.0,112.0,675.61,106.61,103.27
20-11-2011,103.7,3080.0,240.5,3167.09,-49.71,108.6
25-11-2011,108.6,1260.0,0.0,1241.06,89.66,130.1
26-11-2011,130.1,350.0,136.0,706.5699999999999,350.67,321.85
27-11-2011,321.85,3050.0,240.5,3093.8599999999997,125.21,223.0
28-11-2011,223.85,1550.0,0.0,1486.29,160.14,183.35
30-11-2011,183.35,350.0,22.0,417.15999999999997,228.51,211.1
