nombre_hoja,descripcion,astromelias,lisiantus,montoneras,gladiolo,ramito,crisantemo,rosa,clavel
01-10-2011,SALDO INICIAL,,,,34.0,,147.0,156.0,1575.0
01-10-2011,COMPRA,,,,,72.0,,200.0,300.0
01-10-2011,VENTA TOTAL,0.0,0.0,0.0,7.0,14.0,22.0,66.0,207.0
01-10-2011,SERVICIO,0.0,0.0,0.0,0.0,0.0,0.0,0.0,0.0
01-10-2011,ROTAS,0.0,0.0,0.0,0.0,0.0,0.0,7.0,27.0
01-10-2011,SALDO,0.0,0.0,0.0,27.0,58.0,125.0,283.0,1641.0
01-10-2011,SALDO REAL,,,,27.0,58.0,125.0,283.0,1574.0
01-10-2011,DIFERENCIA,0.0,0.0,0.0,0.0,0.0,0.0,0.0,-67.0
02-10-2011,SALDO INICIAL,,,,27.0,58.0,125.0,283.0,1574.0
02-10-2011,COMPRA,,,,48.0,,48.0,75.0,300.0
02-10-2011,VENTA TOTAL,0.0,0.0,0.0,43.0,59.0,129.0,257.0,1239.0
02-10-2011,SERVICIO,0.0,0.0,0.0,0.0,0.0,0.0,0.0,18.0
02-10-2011,ROTAS,0.0,0.0,0.0,1.0,0.0,22.0,3.0,68.0
02-10-2011,SALDO,0.0,0.0,0.0,31.0,-1.0,22.0,98.0,549.0
02-10-2011,SALDO REAL,,,,30.0,,29.0,96.0,615.0
02-10-2011,DIFERENCIA,0.0,0.0,0.0,-1.0,1.0,7.0,-2.0,66.0
05-10-2011,SALDO INICIAL,,,,30.0,,29.0,96.0,615.0
05-10-2011,COMPRA,,,,,,,,
05-10-2011,VENTA TOTAL,0.0,0.0,0.0,9.0,0.0,22.0,48.0,286.0
05-10-2011,SERVICIO,0.0,0.0,0.0,0.0,0.0,0.0,0.0,84.0
05-10-2011,ROTAS,0.0,0.0,0.0,2.0,0.0,5.0,0.0,52.0
05-10-2011,SALDO,0.0,0.0,0.0,19.0,0.0,2.0,48.0,193.0
05-10-2011,SALDO REAL,,,,19.0,,2.0,48.0,179.0
05-10-2011,DIFERENCIA,0.0,0.0,0.0,0.0,0.0,0.0,0.0,-14.0
07-10-2011,SALDO INICIAL,,,,19.0,,2.0,48.0,179.0
07-10-2011,COMPRA,,,,,,72.0,250.0,1400.0
07-10-2011,VENTA TOTAL,0.0,0.0,0.0,0.0,0.0,0.0,10.0,56.0
07-10-2011,SERVICIO,0.0,0.0,0.0,0.0,0.0,0.0,25.0,29.0
07-10-2011,ROTAS,0.0,0.0,0.0,0.0,0.0,3.0,10.0,22.0
07-10-2011,SALDO,0.0,0.0,0.0,19.0,0.0,71.0,253.0,1472.0
07-10-2011,SALDO REAL,,,,19.0,,71.0,253.0,1472.0
07-10-2011,DIFERENCIA,0.0,0.0,0.0,0.0,0.0,0.0,0.0,0.0
08-10-2011,SALDO INICIAL,,,,19.0,,71.0,253.0,1472.0
08-10-2011,COMPRA,,,,,107.0,,,
08-10-2011,VENTA TOTAL,0.0,0.0,0.0,4.0,6.0,14.0,43.0,151.0
08-10-2011,SERVICIO,0.0,0.0,0.0,0.0,0.0,4.0,8.0,68.0
08-10-2011,ROTAS,0.0,0.0,0.0,0.0,0.0,0.0,0.0,7.0
08-10-2011,SALDO,0.0,0.0,0.0,15.0,101.0,53.0,202.0,1246.0
08-10-2011,SALDO REAL,,,,14.0,101.0,53.0,202.0,1240.0
08-10-2011,DIFERENCIA,0.0,0.0,0.0,-1.0,0.0,0.0,0.0,-6.0
14-10-2011,SALDO INICIAL,,,,6.0,,,21.0,214.0
14-10-2011,COMPRA,48.0,,25.0,,,336.0,575.0,4500.0
14-10-2011,VENTA TOTAL,0.0,0.0,0.0,5.0,0.0,36.0,114.0,378.0
14-10-2011,SERVICIO,0.0,0.0,0.0,0.0,0.0,16.0,6.0,80.0
14-10-2011,ROTAS,0.0,0.0,0.0,0.0,0.0,25.0,12.0,244.0
14-10-2011,SALDO,48.0,0.0,25.0,1.0,0.0,259.0,464.0,4012.0
14-10-2011,SALDO REAL,48.0,,25.0,1.0,,255.0,473.0,3986.0
14-10-2011,DIFERENCIA,0.0,0.0,0.0,0.0,0.0,-4.0,9.0,-26.0
15-10-2011,SALDO INICIAL,48.0,,25.0,1.0,0.0,255.0,473.0,3986.0
15-10-2011,COMPRA,,,,103.0,139.0,72.0,150.0,1225.0
15-10-2011,VENTA TOTAL,0.0,0.0,11.0,0.0,69.0,43.0,134.0,602.0
15-10-2011,SERVICIO,0.0,0.0,0.0,0.0,0.0,0.0,4.0,36.0
15-10-2011,ROTAS,0.0,0.0,0.0,0.0,0.0,0.0,0.0,7.0
15-10-2011,SALDO,48.0,0.0,14.0,104.0,70.0,284.0,485.0,4566.0
15-10-2011,SALDO REAL,40.0,,21.0,104.0,66.0,284.0,479.0,4516.0
15-10-2011,DIFERENCIA,-8.0,0.0,7.0,0.0,-4.0,0.0,-6.0,-50.0
16-10-2011,SALDO INICIAL,40.0,,21.0,104.0,67.0,284.0,479.0,4516.0
16-10-2011,COMPRA,,,,,,,350.0,
16-10-2011,VENTA TOTAL,40.0,0.0,15.0,69.0,73.0,229.0,793.0,3204.0
16-10-2011,SERVICIO,0.0,0.0,0.0,2.0,0.0,0.0,4.0,33.0
16-10-2011,ROTAS,0.0,0.0,0.0,1.0,0.0,48.0,10.0,143.0
16-10-2011,SALDO,0.0,0.0,6.0,32.0,-6.0,7.0,22.0,1136.0
16-10-2011,SALDO REAL,0.0,,0.0,29.0,0.0,0.0,0.0,1080.0
16-10-2011,DIFERENCIA,0.0,0.0,-6.0,-3.0,6.0,-7.0,-22.0,-56.0
17-10-2011,SALDO INICIAL,,,,29.0,,,,1080.0
17-10-2011,COMPRA,12.0,,10.0,,,22.0,75.0,200.0
17-10-2011,VENTA TOTAL,7.0,0.0,7.0,0.0,0.0,18.0,65.0,499.0
17-10-2011,SERVICIO,0.0,0.0,0.0,0.0,0.0,0.0,0.0,67.0
17-10-2011,ROTAS,4.0,0.0,0.0,29.0,0.0,27.0,7.0,112.0
17-10-2011,SALDO,1.0,0.0,3.0,0.0,0.0,-23.0,3.0,602.0
17-10-2011,SALDO REAL,1.0,,3.0,,,,8.0,522.0
17-10-2011,DIFERENCIA,0.0,0.0,0.0,0.0,0.0,23.0,5.0,-80.0
22-10-2011,SALDO INICIAL,1.0,,3.0,,,,8.0,522.0
22-10-2011,COMPRA,,,,24.0,101.0,24.0,150.0,1000.0
22-10-2011,VENTA TOTAL,0.0,0.0,0.0,1.0,3.0,7.0,34.0,60.0
22-10-2011,SERVICIO,0.0,0.0,0.0,0.0,2.0,0.0,0.0,36.0
22-10-2011,ROTAS,0.0,0.0,0.0,0.0,0.0,0.0,71.0,47.0
22-10-2011,SALDO,1.0,0.0,3.0,23.0,96.0,17.0,53.0,1379.0
22-10-2011,SALDO REAL,1.0,,3.0,23.0,96.0,17.0,54.0,1526.0
22-10-2011,DIFERENCIA,0.0,0.0,0.0,0.0,0.0,0.0,1.0,147.0
23-10-2011,SALDO INICIAL,1.0,,3.0,23.0,96.0,17.0,54.0,1526.0
23-10-2011,COMPRA,,,,24.0,,48.0,75.0,
23-10-2011,VENTA TOTAL,1.0,0.0,2.0,36.0,53.0,45.0,100.0,686.0
23-10-2011,SERVICIO,0.0,0.0,0.0,0.0,0.0,0.0,0.0,12.0
23-10-2011,ROTAS,0.0,0.0,0.0,1.0,0.0,3.0,7.0,30.0
23-10-2011,SALDO,0.0,0.0,1.0,10.0,43.0,17.0,22.0,798.0
23-10-2011,SALDO REAL,,,1.0,9.0,39.0,14.0,20.0,698.0
23-10-2011,DIFERENCIA,0.0,0.0,0.0,-1.0,-4.0,-3.0,-2.0,-100.0
24-10-2011,SALDO INICIAL,,,1.0,9.0,39.0,14.0,20.0,698.0
24-10-2011,COMPRA,,,,,,,25.0,
24-10-2011,VENTA TOTAL,0.0,0.0,2.0,6.0,3.0,9.0,12.0,113.0
24-10-2011,SERVICIO,0.0,0.0,0.0,0.0,0.0,0.0,0.0,0.0
24-10-2011,ROTAS,0.0,0.0,0.0,0.0,0.0,0.0,0.0,271.0
24-10-2011,SALDO,0.0,0.0,-1.0,3.0,36.0,5.0,33.0,314.0
24-10-2011,SALDO REAL,,,1.0,3.0,34.0,6.0,33.0,313.0
24-10-2011,DIFERENCIA,0.0,0.0,2.0,0.0,-2.0,1.0,0.0,-1.0
26-10-2011,SALDO INICIAL,,,1.0,3.0,34.0,6.0,33.0,313.0
26-10-2011,COMPRA,,,,,,,,
26-10-2011,VENTA TOTAL,0.0,0.0,0.0,1.0,16.0,6.0,20.0,193.0
26-10-2011,SERVICIO,0.0,0.0,0.0,0.0,0.0,0.0,0.0,24.0
26-10-2011,ROTAS,0.0,0.0,0.0,0.0,0.0,0.0,1.0,5.0
26-10-2011,SALDO,0.0,0.0,1.0,2.0,18.0,0.0,12.0,91.0
26-10-2011,SALDO REAL,,,1.0,2.0,18.0,,12.0,92.0
26-10-2011,DIFERENCIA,0.0,0.0,0.0,0.0,0.0,0.0,0.0,1.0
27-10-2011,SALDO INICIAL,,,1.0,2.0,18.0,,12.0,92.0
27-10-2011,COMPRA,,,,24.0,,,50.0,200.0
27-10-2011,VENTA TOTAL,0.0,0.0,0.0,0.0,2.0,0.0,1.0,44.0
27-10-2011,SERVICIO,0.0,0.0,0.0,0.0,0.0,0.0,0.0,0.0
27-10-2011,ROTAS,0.0,0.0,1.0,0.0,0.0,0.0,2.0,9.0
27-10-2011,SALDO,0.0,0.0,0.0,26.0,16.0,0.0,59.0,239.0
27-10-2011,SALDO REAL,,,,24.0,16.0,,59.0,238.0
27-10-2011,DIFERENCIA,0.0,0.0,0.0,-2.0,0.0,0.0,0.0,-1.0
29-10-2011,SALDO INICIAL,,,,24.0,16.0,,59.0,238.0
29-10-2011,COMPRA,,,,48.0,,96.0,350.0,1700.0
29-10-2011,VENTA TOTAL,0.0,0.0,0.0,14.0,19.0,29.0,76.0,403.0
29-10-2011,SERVICIO,0.0,0.0,0.0,2.0,0.0,0.0,8.0,32.0
29-10-2011,ROTAS,0.0,0.0,0.0,0.0,0.0,1.0,30.0,29.0
29-10-2011,SALDO,0.0,0.0,0.0,56.0,-3.0,66.0,295.0,1474.0
29-10-2011,SALDO REAL,,,,56.0,,69.0,298.0,1468.0
29-10-2011,DIFERENCIA,0.0,0.0,0.0,0.0,3.0,3.0,3.0,-6.0
30-10-2011,SALDO INICIAL,,,,56.0,,69.0,298.0,1468.0
30-10-2011,COMPRA,,,,,34.0,72.0,100.0,500.0
30-10-2011,VENTA TOTAL,0.0,0.0,0.0,43.0,8.0,81.0,245.0,1145.0
30-10-2011,SERVICIO,0.0,0.0,0.0,0.0,0.0,0.0,0.0,12.0
30-10-2011,ROTAS,0.0,0.0,0.0,0.0,0.0,2.0,16.0,16.0
30-10-2011,SALDO,0.0,0.0,0.0,13.0,26.0,58.0,137.0,795.0
30-10-2011,SALDO REAL,,,,12.0,26.0,51.0,136.0,811.0
30-10-2011,DIFERENCIA,0.0,0.0,0.0,-1.0,0.0,-7.0,-1.0,16.0
