nombre_hoja,descripcion,astromelias,lisiantus,montoneras,gladiolo,ramito,crisantemo,rosa,clavel
01-12-2011,SALDO INICIAL,,,,,,23.0,86.0,236.0
01-12-2011,COMPRA,,,,48.0,,72.0,175.0,1200.0
01-12-2011,VENTA TOTAL,0.0,0.0,0.0,0.0,0.0,12.0,18.0,95.0
01-12-2011,SERVICIO,0.0,0.0,0.0,0.0,0.0,0.0,0.0,24.0
01-12-2011,ROTAS,0.0,0.0,0.0,2.0,0.0,6.0,1.0,4.0
01-12-2011,SALDO,0.0,0.0,0.0,46.0,0.0,77.0,242.0,1313.0
01-12-2011,SALDO REAL,,,,46.0,,84.0,242.0,1310.0
01-12-2011,DIFERENCIA,0.0,0.0,0.0,0.0,0.0,7.0,0.0,-3.0
03-12-2011,SALDO INICIAL,,,,46.0,,84.0,242.0,1310.0
03-12-2011,COMPRA,,,,,71.0,72.0,150.0,500.0
03-12-2011,VENTA TOTAL,0.0,0.0,0.0,19.0,12.0,53.0,68.0,340.0
03-12-2011,SERVICIO,0.0,0.0,0.0,0.0,0.0,4.0,8.0,34.0
03-12-2011,ROTAS,0.0,0.0,0.0,0.0,0.0,0.0,0.0,28.0
03-12-2011,SALDO,0.0,0.0,0.0,27.0,59.0,99.0,316.0,1408.0
03-12-2011,SALDO REAL,,,,28.0,60.0,93.0,313.0,1412.0
03-12-2011,DIFERENCIA,0.0,0.0,0.0,1.0,1.0,-6.0,-3.0,4.0
04-12-2011,SALDO INICIAL,,,,28.0,60.0,93.0,313.0,1412.0
04-12-2011,COMPRA,,,24.0,48.0,,,100.0,350.0
04-12-2011,VENTA TOTAL,0.0,0.0,8.0,38.0,55.0,89.0,241.0,1069.0
04-12-2011,SERVICIO,0.0,0.0,0.0,0.0,0.0,0.0,0.0,60.0
04-12-2011,ROTAS,0.0,0.0,0.0,3.0,0.0,1.0,3.0,147.0
04-12-2011,SALDO,0.0,0.0,16.0,35.0,5.0,3.0,169.0,486.0
04-12-2011,SALDO REAL,,,15.0,30.0,,,147.0,399.0
04-12-2011,DIFERENCIA,0.0,0.0,-1.0,-5.0,-5.0,-3.0,-22.0,-87.0
07-12-2011,SALDO INICIAL,,,15.0,30.0,,,147.0,399.0
07-12-2011,COMPRA,,,,,,,,
07-12-2011,VENTA TOTAL,0.0,0.0,2.0,5.0,0.0,3.0,14.0,121.0
07-12-2011,SERVICIO,0.0,0.0,0.0,0.0,0.0,0.0,0.0,36.0
07-12-2011,ROTAS,0.0,0.0,0.0,3.0,0.0,1.0,2.0,127.0
07-12-2011,SALDO,0.0,0.0,13.0,22.0,0.0,-4.0,131.0,115.0
07-12-2011,SALDO REAL,,,,22.0,,43.0,80.0,276.0
07-12-2011,DIFERENCIA,0.0,0.0,-13.0,0.0,0.0,47.0,-51.0,161.0
08-12-2011,SALDO INICIAL,,,,22.0,7.0,43.0,80.0,318.0
08-12-2011,COMPRA,,,,24.0,,72.0,50.0,500.0
08-12-2011,VENTA TOTAL,0.0,0.0,0.0,4.0,7.0,28.0,49.0,174.0
08-12-2011,SERVICIO,0.0,0.0,0.0,0.0,0.0,0.0,0.0,0.0
08-12-2011,ROTAS,0.0,0.0,0.0,6.0,0.0,0.0,7.0,29.0
08-12-2011,SALDO,0.0,0.0,0.0,36.0,0.0,87.0,74.0,615.0
08-12-2011,SALDO REAL,,,,36.0,,90.0,75.0,611.0
08-12-2011,DIFERENCIA,0.0,0.0,0.0,0.0,0.0,3.0,1.0,-4.0
10-12-2011,SALDO INICIAL,,,,36.0,,90.0,75.0,611.0
10-12-2011,COMPRA,97.0,,98.0,48.0,58.0,312.0,275.0,
10-12-2011,VENTA TOTAL,4.0,0.0,0.0,12.0,6.0,55.0,110.0,364.0
10-12-2011,SERVICIO,0.0,0.0,0.0,0.0,0.0,0.0,0.0,12.0
10-12-2011,ROTAS,0.0,0.0,0.0,1.0,0.0,10.0,6.0,66.0
10-12-2011,SALDO,93.0,0.0,98.0,71.0,52.0,337.0,234.0,169.0
10-12-2011,SALDO REAL,93.0,,98.0,71.0,52.0,330.0,231.0,169.0
10-12-2011,DIFERENCIA,0.0,0.0,0.0,0.0,0.0,-7.0,-3.0,0.0
11-12-2011,SALDO INICIAL,93.0,,98.0,71.0,52.0,330.0,231.0,169.0
11-12-2011,COMPRA,,,,,,,150.0,
11-12-2011,VENTA TOTAL,87.0,0.0,77.0,54.0,56.0,258.0,322.0,168.0
11-12-2011,SERVICIO,0.0,0.0,0.0,0.0,0.0,0.0,18.0,0.0
11-12-2011,ROTAS,0.0,0.0,2.0,0.0,0.0,12.0,9.0,2.0
11-12-2011,SALDO,6.0,0.0,19.0,17.0,-4.0,60.0,32.0,-1.0
11-12-2011,SALDO REAL,6.0,,15.0,11.0,,55.0,32.0,
11-12-2011,DIFERENCIA,0.0,0.0,-4.0,-6.0,4.0,-5.0,0.0,1.0
13-12-2011,SALDO INICIAL,6.0,,15.0,11.0,,55.0,32.0,
13-12-2011,COMPRA,34.0,,52.0,24.0,,120.0,50.0,325.0
13-12-2011,VENTA TOTAL,12.0,0.0,25.0,1.0,0.0,57.0,23.0,21.0
13-12-2011,SERVICIO,2.0,0.0,3.0,0.0,0.0,0.0,50.0,0.0
13-12-2011,ROTAS,0.0,0.0,0.0,11.0,0.0,6.0,3.0,6.0
13-12-2011,SALDO,26.0,0.0,39.0,23.0,0.0,112.0,6.0,298.0
13-12-2011,SALDO REAL,24.0,,30.0,23.0,,133.0,24.0,277.0
13-12-2011,DIFERENCIA,-2.0,0.0,-9.0,0.0,0.0,21.0,18.0,-21.0
15-12-2011,SALDO INICIAL,24.0,,30.0,23.0,,133.0,24.0,277.0
15-12-2011,COMPRA,,,,,,,,500.0
15-12-2011,VENTA TOTAL,8.0,0.0,11.0,7.0,0.0,24.0,24.0,211.0
15-12-2011,SERVICIO,0.0,0.0,0.0,2.0,0.0,7.0,0.0,62.0
15-12-2011,ROTAS,0.0,0.0,0.0,0.0,0.0,0.0,8.0,24.0
15-12-2011,SALDO,16.0,0.0,19.0,14.0,0.0,102.0,-8.0,480.0
15-12-2011,SALDO REAL,16.0,,23.0,21.0,,91.0,,464.0
15-12-2011,DIFERENCIA,0.0,0.0,4.0,7.0,0.0,-11.0,8.0,-16.0
17-12-2011,SALDO INICIAL,16.0,,23.0,21.0,,91.0,,464.0
17-12-2011,COMPRA,,,34.0,18.0,,144.0,200.0,1650.0
17-12-2011,VENTA TOTAL,6.0,0.0,6.0,9.0,0.0,29.0,43.0,247.0
17-12-2011,SERVICIO,0.0,0.0,0.0,0.0,0.0,4.0,6.0,32.0
17-12-2011,ROTAS,0.0,0.0,0.0,0.0,0.0,5.0,5.0,35.0
17-12-2011,SALDO,10.0,0.0,51.0,30.0,0.0,197.0,146.0,1800.0
17-12-2011,SALDO REAL,10.0,,51.0,30.0,,200.0,149.0,1801.0
17-12-2011,DIFERENCIA,0.0,0.0,0.0,0.0,0.0,3.0,3.0,1.0
18-12-2011,SALDO INICIAL,10.0,,51.0,66.0,,200.0,149.0,1801.0
18-12-2011,COMPRA,,,,,84.0,72.0,50.0,200.0
18-12-2011,VENTA TOTAL,4.0,0.0,35.0,47.0,57.0,137.0,154.0,981.0
18-12-2011,SERVICIO,0.0,0.0,0.0,0.0,0.0,0.0,0.0,12.0
18-12-2011,ROTAS,1.0,0.0,0.0,0.0,3.0,11.0,6.0,44.0
18-12-2011,SALDO,5.0,0.0,16.0,19.0,24.0,124.0,39.0,964.0
18-12-2011,SALDO REAL,5.0,,16.0,11.0,20.0,123.0,30.0,934.0
18-12-2011,DIFERENCIA,0.0,0.0,0.0,-8.0,-4.0,-1.0,-9.0,-30.0
21-12-2011,SALDO INICIAL,5.0,,16.0,11.0,20.0,51.0,30.0,734.0
21-12-2011,COMPRA,,,,,,,,
21-12-2011,VENTA TOTAL,0.0,0.0,6.0,4.0,19.0,39.0,27.0,203.0
21-12-2011,SERVICIO,0.0,0.0,0.0,0.0,0.0,0.0,0.0,24.0
21-12-2011,ROTAS,0.0,0.0,0.0,1.0,0.0,0.0,1.0,0.0
21-12-2011,SALDO,5.0,0.0,10.0,6.0,1.0,12.0,2.0,507.0
21-12-2011,SALDO REAL,5.0,,11.0,6.0,,11.0,,509.0
21-12-2011,DIFERENCIA,0.0,0.0,1.0,0.0,-1.0,-1.0,-2.0,2.0
22-12-2011,SALDO INICIAL,5.0,,11.0,6.0,,11.0,,509.0
22-12-2011,COMPRA,,,,,,192.0,250.0,1250.0
22-12-2011,VENTA TOTAL,0.0,0.0,7.0,2.0,0.0,5.0,3.0,265.0
22-12-2011,SERVICIO,0.0,0.0,0.0,0.0,0.0,0.0,0.0,0.0
22-12-2011,ROTAS,5.0,0.0,0.0,4.0,0.0,5.0,9.0,10.0
22-12-2011,SALDO,0.0,0.0,4.0,0.0,0.0,193.0,238.0,1484.0
22-12-2011,SALDO REAL,,,3.0,,,193.0,238.0,1484.0
22-12-2011,DIFERENCIA,0.0,0.0,-1.0,0.0,0.0,0.0,0.0,0.0
23-12-2011,SALDO INICIAL,,,3.0,,,193.0,238.0,1484.0
23-12-2011,COMPRA,,,,,,,,
23-12-2011,VENTA TOTAL,0.0,0.0,0.0,0.0,0.0,29.0,100.0,322.0
23-12-2011,SERVICIO,0.0,0.0,0.0,0.0,0.0,4.0,6.0,8.0
23-12-2011,ROTAS,0.0,0.0,3.0,0.0,0.0,1.0,0.0,47.0
23-12-2011,SALDO,0.0,0.0,0.0,0.0,0.0,159.0,132.0,1107.0
23-12-2011,SALDO REAL,,,,,,158.0,135.0,1087.0
23-12-2011,DIFERENCIA,0.0,0.0,0.0,0.0,0.0,-1.0,3.0,-20.0
24-12-2011,SALDO INICIAL,,,,,,158.0,135.0,1087.0
24-12-2011,COMPRA,,,,72.0,91.0,96.0,225.0,800.0
24-12-2011,VENTA TOTAL,0.0,0.0,0.0,65.0,53.0,215.0,284.0,1478.0
24-12-2011,SERVICIO,0.0,0.0,0.0,0.0,0.0,0.0,0.0,0.0
24-12-2011,ROTAS,0.0,0.0,0.0,0.0,0.0,15.0,11.0,100.0
24-12-2011,SALDO,0.0,0.0,0.0,7.0,38.0,24.0,65.0,309.0
24-12-2011,SALDO REAL,,,,7.0,36.0,21.0,52.0,331.0
24-12-2011,DIFERENCIA,0.0,0.0,0.0,0.0,-2.0,-3.0,-13.0,22.0
25-12-2011,SALDO INICIAL,,,,7.0,36.0,21.0,52.0,331.0
25-12-2011,COMPRA,,,,48.0,,216.0,450.0,1000.0
25-12-2011,VENTA TOTAL,0.0,0.0,0.0,33.0,35.0,109.0,268.0,1064.0
25-12-2011,SERVICIO,0.0,0.0,0.0,0.0,0.0,0.0,0.0,0.0
25-12-2011,ROTAS,0.0,0.0,0.0,0.0,0.0,15.0,6.0,58.0
25-12-2011,SALDO,0.0,0.0,0.0,22.0,1.0,113.0,228.0,209.0
25-12-2011,SALDO REAL,,,,23.0,,99.0,218.0,208.0
25-12-2011,DIFERENCIA,0.0,0.0,0.0,1.0,-1.0,-14.0,-10.0,-1.0
30-12-2011,SALDO INICIAL,,,,23.0,,99.0,218.0,208.0
30-12-2011,COMPRA,,,20.0,24.0,,192.0,250.0,1900.0
30-12-2011,VENTA TOTAL,0.0,0.0,13.0,26.0,0.0,106.0,203.0,761.0
30-12-2011,SERVICIO,0.0,0.0,0.0,0.0,0.0,0.0,0.0,77.0
30-12-2011,ROTAS,0.0,0.0,0.0,0.0,0.0,9.0,3.0,53.0
30-12-2011,SALDO,0.0,0.0,7.0,21.0,0.0,176.0,262.0,1217.0
30-12-2011,SALDO REAL,,,,21.0,,176.0,258.0,1179.0
30-12-2011,DIFERENCIA,0.0,0.0,-7.0,0.0,0.0,0.0,-4.0,-38.0
31-12-2011,SALDO INICIAL,,,31.0,21.0,,176.0,258.0,1179.0
31-12-2011,COMPRA,,,,96.0,71.0,192.0,250.0,1500.0
31-12-2011,VENTA TOTAL,0.0,0.0,20.0,21.0,53.0,78.0,132.0,647.0
31-12-2011,SERVICIO,0.0,0.0,0.0,0.0,0.0,4.0,6.0,20.0
31-12-2011,ROTAS,0.0,0.0,0.0,3.0,0.0,31.0,10.0,60.0
31-12-2011,SALDO,0.0,0.0,11.0,93.0,18.0,255.0,360.0,1952.0
31-12-2011,SALDO REAL,,,11.0,92.0,18.0,239.0,361.0,1955.0
31-12-2011,DIFERENCIA,0.0,0.0,0.0,-1.0,0.0,-16.0,1.0,3.0
