fecha,descripcion,astromelias,lisiantus,montoneras,gladiolo,ramito,crisantemo,rosa,clavel
11-09-2011,SALDO INICIAL,0.0,0.0,0.0,3.0,0.0,44.0,34.0,362.0
11-09-2011,COMPRA,0.0,0.0,0.0,0.0,0.0,0.0,0.0,0.0
11-09-2011,VENTA TOTAL,0.0,0.0,0.0,3.0,0.0,24.0,23.0,133.0
11-09-2011,SERVICIO,0.0,0.0,0.0,0.0,0.0,0.0,0.0,12.0
11-09-2011,ROTAS,0.0,0.0,0.0,0.0,0.0,0.0,0.0,2.0
11-09-2011,SALDO,0.0,0.0,0.0,0.0,0.0,20.0,11.0,215.0
11-09-2011,SALDO REAL,0.0,0.0,0.0,0.0,0.0,20.0,11.0,181.0
11-09-2011,DIFERENCIA,0.0,0.0,0.0,0.0,0.0,0.0,0.0,-34.0
17-09-2011,SALDO INICIAL,0.0,0.0,0.0,0.0,0.0,20.0,11.0,181.0
17-09-2011,COMPRA,0.0,0.0,90.0,48.0,0.0,216.0,700.0,2400.0
17-09-2011,VENTA TOTAL,0.0,0.0,15.0,7.0,0.0,68.0,124.0,561.0
17-09-2011,SERVICIO,0.0,0.0,0.0,0.0,0.0,0.0,0.0,68.0
17-09-2011,ROTAS,0.0,0.0,0.0,0.0,0.0,33.0,12.0,86.0
17-09-2011,SALDO,0.0,0.0,75.0,41.0,0.0,135.0,575.0,1866.0
17-09-2011,SALDO REAL,0.0,0.0,47.0,42.0,0.0,132.0,549.0,1826.0
17-09-2011,DIFERENCIA,0.0,0.0,-28.0,1.0,0.0,-3.0,-26.0,-40.0
18-09-2011,SALDO INICIAL,0.0,0.0,47.0,42.0,0.0,132.0,549.0,1826.0
18-09-2011,COMPRA,0.0,0.0,0.0,0.0,0.0,0.0,0.0,0.0
18-09-2011,VENTA TOTAL,0.0,0.0,18.0,30.0,0.0,102.0,228.0,978.0
18-09-2011,SERVICIO,0.0,0.0,0.0,0.0,0.0,0.0,0.0,12.0
18-09-2011,ROTAS,0.0,0.0,0.0,0.0,0.0,5.0,6.0,38.0
18-09-2011,SALDO,0.0,0.0,29.0,12.0,0.0,25.0,315.0,798.0
18-09-2011,SALDO REAL,0.0,0.0,29.0,10.0,0.0,21.0,317.0,729.0
18-09-2011,DIFERENCIA,0.0,0.0,0.0,-2.0,0.0,-4.0,2.0,-69.0
19-09-2011,SALDO INICIAL,0.0,0.0,29.0,10.0,0.0,21.0,317.0,729.0
19-09-2011,COMPRA,0.0,0.0,0.0,0.0,0.0,0.0,0.0,0.0
19-09-2011,VENTA TOTAL,0.0,0.0,8.0,3.0,0.0,11.0,40.0,178.0
19-09-2011,SERVICIO,0.0,0.0,0.0,0.0,0.0,0.0,0.0,12.0
19-09-2011,ROTAS,0.0,0.0,0.0,1.0,0.0,0.0,0.0,20.0
19-09-2011,SALDO,0.0,0.0,21.0,6.0,0.0,10.0,277.0,519.0
19-09-2011,SALDO REAL,0.0,0.0,21.0,6.0,0.0,10.0,277.0,508.0
19-09-2011,DIFERENCIA,0.0,0.0,0.0,0.0,0.0,0.0,0.0,-11.0
20-09-2011,SALDO INICIAL,0.0,0.0,21.0,6.0,0.0,10.0,277.0,508.0
20-09-2011,COMPRA,0.0,0.0,0.0,0.0,0.0,0.0,0.0,0.0
20-09-2011,VENTA TOTAL,0.0,0.0,3.0,2.0,0.0,0.0,34.0,46.0
20-09-2011,SERVICIO,0.0,0.0,0.0,0.0,0.0,0.0,0.0,12.0
20-09-2011,ROTAS,0.0,0.0,0.0,0.0,0.0,2.0,0.0,5.0
20-09-2011,SALDO,0.0,0.0,18.0,4.0,0.0,8.0,243.0,445.0
20-09-2011,SALDO REAL,0.0,0.0,18.0,6.0,0.0,6.0,231.0,439.0
20-09-2011,DIFERENCIA,0.0,0.0,0.0,2.0,0.0,-2.0,-12.0,-6.0
21-09-2011,SALDO INICIAL,0.0,0.0,18.0,6.0,0.0,6.0,231.0,439.0
21-09-2011,COMPRA,0.0,0.0,0.0,0.0,0.0,0.0,0.0,0.0
21-09-2011,VENTA TOTAL,0.0,0.0,3.0,0.0,0.0,2.0,30.0,50.0
21-09-2011,SERVICIO,0.0,0.0,0.0,0.0,0.0,0.0,0.0,12.0
21-09-2011,ROTAS,0.0,0.0,7.0,0.0,0.0,2.0,0.0,3.0
21-09-2011,SALDO,0.0,0.0,8.0,6.0,0.0,2.0,201.0,374.0
21-09-2011,SALDO REAL,0.0,0.0,8.0,6.0,0.0,2.0,200.0,374.0
21-09-2011,DIFERENCIA,0.0,0.0,0.0,0.0,0.0,0.0,-1.0,0.0
22-09-2011,SALDO INICIAL,0.0,0.0,8.0,6.0,0.0,2.0,200.0,374.0
22-09-2011,COMPRA,0.0,0.0,0.0,0.0,0.0,0.0,0.0,0.0
22-09-2011,VENTA TOTAL,0.0,0.0,5.0,2.0,0.0,2.0,45.0,136.0
22-09-2011,SERVICIO,0.0,0.0,0.0,0.0,0.0,0.0,0.0,24.0
22-09-2011,ROTAS,0.0,0.0,0.0,0.0,0.0,0.0,0.0,1.0
22-09-2011,SALDO,0.0,0.0,3.0,4.0,0.0,0.0,155.0,213.0
22-09-2011,SALDO REAL,0.0,0.0,3.0,4.0,0.0,0.0,156.0,205.0
22-09-2011,DIFERENCIA,0.0,0.0,0.0,0.0,0.0,0.0,1.0,-8.0
23-09-2011,SALDO INICIAL,0.0,0.0,3.0,4.0,0.0,0.0,156.0,205.0
23-09-2011,COMPRA,0.0,0.0,0.0,48.0,0.0,141.0,0.0,1000.0
23-09-2011,VENTA TOTAL,0.0,0.0,0.0,1.0,0.0,0.0,15.0,73.0
23-09-2011,SERVICIO,0.0,0.0,3.0,0.0,0.0,0.0,6.0,14.0
23-09-2011,ROTAS,0.0,0.0,0.0,0.0,0.0,0.0,0.0,37.0
23-09-2011,SALDO,0.0,0.0,0.0,51.0,0.0,141.0,135.0,1081.0
23-09-2011,SALDO REAL,0.0,0.0,0.0,51.0,0.0,141.0,135.0,1139.0
23-09-2011,DIFERENCIA,0.0,0.0,0.0,0.0,0.0,0.0,0.0,58.0
24-09-2011,SALDO INICIAL,0.0,0.0,0.0,51.0,78.0,141.0,135.0,1139.0
24-09-2011,COMPRA,0.0,0.0,0.0,0.0,0.0,0.0,200.0,600.0
24-09-2011,VENTA TOTAL,0.0,0.0,0.0,9.0,15.0,11.0,42.0,243.0
24-09-2011,SERVICIO,0.0,0.0,0.0,0.0,0.0,0.0,0.0,0.0
24-09-2011,ROTAS,0.0,0.0,0.0,0.0,0.0,3.0,1.0,62.0
24-09-2011,SALDO,0.0,0.0,0.0,42.0,63.0,127.0,292.0,1434.0
24-09-2011,SALDO REAL,0.0,0.0,0.0,41.0,66.0,130.0,293.0,1388.0
24-09-2011,DIFERENCIA,0.0,0.0,0.0,-1.0,3.0,3.0,1.0,-46.0
25-09-2011,SALDO INICIAL,0.0,0.0,0.0,41.0,66.0,130.0,293.0,1388.0
25-09-2011,COMPRA,0.0,0.0,0.0,0.0,0.0,0.0,0.0,0.0
25-09-2011,VENTA TOTAL,0.0,0.0,0.0,40.0,61.0,125.0,224.0,1143.0
25-09-2011,SERVICIO,0.0,0.0,0.0,0.0,0.0,0.0,0.0,36.0
25-09-2011,ROTAS,0.0,0.0,0.0,0.0,1.0,2.0,3.0,48.0
25-09-2011,SALDO,0.0,0.0,0.0,1.0,4.0,3.0,66.0,161.0
25-09-2011,SALDO REAL,0.0,0.0,0.0,0.0,0.0,0.0,46.0,57.0
25-09-2011,DIFERENCIA,0.0,0.0,0.0,-1.0,-4.0,-3.0,-20.0,-104.0
28-09-2011,SALDO INICIAL,0.0,0.0,0.0,0.0,0.0,0.0,46.0,47.0
28-09-2011,COMPRA,0.0,0.0,0.0,24.0,0.0,120.0,175.0,1100.0
28-09-2011,VENTA TOTAL,0.0,0.0,0.0,7.0,0.0,31.0,50.0,317.0
28-09-2011,SERVICIO,0.0,0.0,0.0,0.0,0.0,0.0,0.0,72.0
28-09-2011,ROTAS,0.0,0.0,0.0,0.0,0.0,5.0,3.0,67.0
28-09-2011,SALDO,0.0,0.0,0.0,17.0,0.0,84.0,168.0,691.0
28-09-2011,SALDO REAL,0.0,0.0,0.0,18.0,0.0,85.0,164.0,701.0
28-09-2011,DIFERENCIA,0.0,0.0,0.0,1.0,0.0,1.0,-4.0,10.0
29-09-2011,SALDO INICIAL,0.0,0.0,0.0,18.0,0.0,85.0,164.0,701.0
29-09-2011,COMPRA,0.0,0.0,0.0,0.0,0.0,0.0,0.0,600.0
29-09-2011,VENTA TOTAL,0.0,0.0,0.0,0.0,0.0,4.0,25.0,63.0
29-09-2011,SERVICIO,0.0,0.0,0.0,0.0,0.0,0.0,0.0,12.0
29-09-2011,ROTAS,0.0,0.0,0.0,0.0,0.0,1.0,1.0,27.0
29-09-2011,SALDO,0.0,0.0,0.0,18.0,0.0,80.0,138.0,1199.0
29-09-2011,SALDO REAL,0.0,0.0,0.0,18.0,0.0,80.0,138.0,1199.0
29-09-2011,DIFERENCIA,0.0,0.0,0.0,0.0,0.0,0.0,0.0,0.0
30-09-2011,SALDO INICIAL,0.0,0.0,0.0,18.0,0.0,80.0,138.0,1199.0
30-09-2011,COMPRA,0.0,0.0,0.0,24.0,0.0,96.0,75.0,600.0
30-09-2011,VENTA TOTAL,0.0,0.0,0.0,7.0,0.0,23.0,40.0,157.0
30-09-2011,SERVICIO,0.0,0.0,0.0,0.0,0.0,4.0,6.0,30.0
30-09-2011,ROTAS,0.0,0.0,0.0,0.0,0.0,1.0,3.0,20.0
30-09-2011,SALDO,0.0,0.0,0.0,35.0,0.0,148.0,164.0,1592.0
30-09-2011,SALDO REAL,0.0,0.0,0.0,34.0,0.0,147.0,156.0,1575.0
30-09-2011,DIFERENCIA,0.0,0.0,0.0,-1.0,0.0,-1.0,-8.0,-17.0
