nombre_hoja,descripcion,astromelias,lisiantus,montoneras,gladiolo,ramito,crisantemo,rosa,clavel
04-11-2011,SALDO INICIAL,,,,12.0,26.0,51.0,136.0,811.0
04-11-2011,COMPRA,,,58.0,72.0,53.0,144.0,300.0,1500.0
04-11-2011,VENTA TOTAL,0.0,0.0,24.0,22.0,58.0,85.0,188.0,1012.0
04-11-2011,SERVICIO,0.0,0.0,0.0,0.0,0.0,0.0,50.0,60.0
04-11-2011,ROTAS,0.0,0.0,0.0,4.0,0.0,6.0,12.0,95.0
04-11-2011,SALDO,0.0,0.0,34.0,58.0,21.0,104.0,186.0,1144.0
04-11-2011,SALDO REAL,,,31.0,58.0,19.0,103.0,180.0,1113.0
04-11-2011,DIFERENCIA,0.0,0.0,-3.0,0.0,-2.0,-1.0,-6.0,-31.0
05-11-2011,SALDO INICIAL,,,31.0,58.0,19.0,103.0,180.0,1113.0
05-11-2011,COMPRA,,,,,75.0,,,
05-11-2011,VENTA TOTAL,0.0,0.0,8.0,5.0,26.0,29.0,29.0,145.0
05-11-2011,SERVICIO,0.0,0.0,0.0,0.0,0.0,4.0,8.0,12.0
05-11-2011,ROTAS,0.0,0.0,0.0,0.0,0.0,0.0,0.0,0.0
05-11-2011,SALDO,0.0,0.0,23.0,53.0,68.0,70.0,143.0,956.0
05-11-2011,SALDO REAL,,,23.0,53.0,75.0,70.0,143.0,954.0
05-11-2011,DIFERENCIA,0.0,0.0,0.0,0.0,7.0,0.0,0.0,-2.0
06-11-2011,SALDO INICIAL,,,23.0,53.0,74.0,70.0,143.0,954.0
06-11-2011,COMPRA,,,,,,72.0,75.0,700.0
06-11-2011,VENTA TOTAL,0.0,0.0,19.0,39.0,61.0,71.0,170.0,872.0
06-11-2011,SERVICIO,0.0,0.0,0.0,0.0,0.0,0.0,12.0,24.0
06-11-2011,ROTAS,0.0,0.0,0.0,3.0,1.0,4.0,0.0,52.0
06-11-2011,SALDO,0.0,0.0,4.0,11.0,12.0,67.0,36.0,706.0
06-11-2011,SALDO REAL,,,2.0,7.0,5.0,60.0,38.0,589.0
06-11-2011,DIFERENCIA,0.0,0.0,-2.0,-4.0,-7.0,-7.0,2.0,-117.0
10-11-2011,SALDO INICIAL,,,2.0,7.0,5.0,60.0,38.0,589.0
10-11-2011,COMPRA,,,,24.0,,,225.0,650.0
10-11-2011,VENTA TOTAL,0.0,0.0,0.0,9.0,5.0,34.0,69.0,404.0
10-11-2011,SERVICIO,0.0,0.0,0.0,0.0,0.0,0.0,0.0,54.0
10-11-2011,ROTAS,0.0,0.0,0.0,6.0,0.0,26.0,1.0,98.0
10-11-2011,SALDO,0.0,0.0,2.0,16.0,0.0,0.0,193.0,683.0
10-11-2011,SALDO REAL,,,1.0,16.0,0.0,0.0,189.0,672.0
10-11-2011,DIFERENCIA,0.0,0.0,-1.0,0.0,0.0,0.0,-4.0,-11.0
11-11-2011,SALDO INICIAL,,,1.0,16.0,,,189.0,672.0
11-11-2011,COMPRA,,,,,,,,
11-11-2011,VENTA TOTAL,0.0,0.0,1.0,7.0,0.0,0.0,27.0,95.0
11-11-2011,SERVICIO,0.0,0.0,0.0,2.0,0.0,0.0,6.0,8.0
11-11-2011,ROTAS,0.0,0.0,0.0,0.0,0.0,0.0,0.0,0.0
11-11-2011,SALDO,0.0,0.0,0.0,7.0,0.0,0.0,156.0,569.0
11-11-2011,SALDO REAL,,,,7.0,,,156.0,569.0
11-11-2011,DIFERENCIA,0.0,0.0,0.0,0.0,0.0,0.0,0.0,0.0
12-11-2011,SALDO INICIAL,,,,7.0,,,156.0,569.0
12-11-2011,COMPRA,,,,48.0,66.0,144.0,200.0,1000.0
12-11-2011,VENTA TOTAL,0.0,0.0,0.0,11.0,18.0,25.0,74.0,255.0
12-11-2011,SERVICIO,0.0,0.0,0.0,0.0,0.0,0.0,0.0,12.0
12-11-2011,ROTAS,0.0,0.0,0.0,0.0,0.0,0.0,17.0,61.0
12-11-2011,SALDO,0.0,0.0,0.0,44.0,48.0,119.0,265.0,1241.0
12-11-2011,SALDO REAL,,,,48.0,48.0,119.0,264.0,1244.0
12-11-2011,DIFERENCIA,0.0,0.0,0.0,4.0,0.0,0.0,-1.0,3.0
13-11-2011,SALDO INICIAL,,,,44.0,48.0,119.0,264.0,1244.0
13-11-2011,COMPRA,,,,,,,,
13-11-2011,VENTA TOTAL,0.0,0.0,0.0,16.0,13.0,16.0,100.0,324.0
13-11-2011,SERVICIO,0.0,0.0,0.0,0.0,0.0,0.0,0.0,12.0
13-11-2011,ROTAS,0.0,0.0,0.0,0.0,0.0,0.0,0.0,19.0
13-11-2011,SALDO,0.0,0.0,0.0,28.0,35.0,103.0,164.0,889.0
13-11-2011,SALDO REAL,,,,28.0,34.0,103.0,163.0,882.0
13-11-2011,DIFERENCIA,0.0,0.0,0.0,0.0,-1.0,0.0,-1.0,-7.0
16-11-2011,SALDO INICIAL,,,,24.0,34.0,103.0,163.0,882.0
16-11-2011,COMPRA,,,,,,,,
16-11-2011,VENTA TOTAL,0.0,0.0,0.0,11.0,9.0,36.0,58.0,259.0
16-11-2011,SERVICIO,0.0,0.0,0.0,0.0,0.0,0.0,0.0,36.0
16-11-2011,ROTAS,0.0,0.0,0.0,0.0,0.0,1.0,7.0,69.0
16-11-2011,SALDO,0.0,0.0,0.0,13.0,25.0,66.0,98.0,518.0
16-11-2011,SALDO REAL,,,,17.0,25.0,66.0,96.0,524.0
16-11-2011,DIFERENCIA,0.0,0.0,0.0,4.0,0.0,0.0,-2.0,6.0
18-11-2011,SALDO INICIAL,,,,17.0,25.0,66.0,96.0,524.0
18-11-2011,COMPRA,,,,,,,,
18-11-2011,VENTA TOTAL,0.0,0.0,0.0,7.0,17.0,35.0,55.0,239.0
18-11-2011,SERVICIO,0.0,0.0,0.0,0.0,0.0,4.0,6.0,20.0
18-11-2011,ROTAS,0.0,0.0,0.0,1.0,0.0,0.0,1.0,10.0
18-11-2011,SALDO,0.0,0.0,0.0,9.0,8.0,27.0,34.0,255.0
18-11-2011,SALDO REAL,,,,9.0,7.0,26.0,34.0,243.0
18-11-2011,DIFERENCIA,0.0,0.0,0.0,0.0,-1.0,-1.0,0.0,-12.0
19-11-2011,SALDO INICIAL,,,,2.0,7.0,26.0,34.0,243.0
19-11-2011,COMPRA,,,,48.0,56.0,96.0,225.0,1500.0
19-11-2011,VENTA TOTAL,0.0,0.0,0.0,8.0,9.0,26.0,48.0,169.0
19-11-2011,SERVICIO,0.0,0.0,0.0,0.0,0.0,0.0,0.0,12.0
19-11-2011,ROTAS,0.0,0.0,0.0,0.0,2.0,3.0,13.0,54.0
19-11-2011,SALDO,0.0,0.0,0.0,42.0,52.0,93.0,198.0,1508.0
19-11-2011,SALDO REAL,,,,50.0,51.0,93.0,203.0,1510.0
19-11-2011,DIFERENCIA,0.0,0.0,0.0,8.0,-1.0,0.0,5.0,2.0
20-11-2011,SALDO INICIAL,,,,50.0,51.0,93.0,203.0,1510.0
20-11-2011,COMPRA,,,,,,,,
20-11-2011,VENTA TOTAL,0.0,0.0,0.0,49.0,43.0,88.0,182.0,961.0
20-11-2011,SERVICIO,0.0,0.0,0.0,0.0,0.0,0.0,0.0,12.0
20-11-2011,ROTAS,0.0,0.0,0.0,2.0,0.0,2.0,5.0,20.0
20-11-2011,SALDO,0.0,0.0,0.0,-1.0,8.0,3.0,16.0,517.0
20-11-2011,SALDO REAL,,,,,5.0,,,471.0
20-11-2011,DIFERENCIA,0.0,0.0,0.0,1.0,-3.0,-3.0,-16.0,-46.0
25-11-2011,SALDO INICIAL,,,,,5.0,,,471.0
25-11-2011,COMPRA,,,,24.0,,84.0,150.0,1075.0
25-11-2011,VENTA TOTAL,0.0,0.0,0.0,10.0,5.0,30.0,56.0,474.0
25-11-2011,SERVICIO,0.0,0.0,0.0,0.0,0.0,4.0,6.0,68.0
25-11-2011,ROTAS,0.0,0.0,0.0,0.0,0.0,4.0,8.0,103.0
25-11-2011,SALDO,0.0,0.0,0.0,14.0,0.0,46.0,80.0,901.0
25-11-2011,SALDO REAL,,,,14.0,0.0,45.0,79.0,891.0
25-11-2011,DIFERENCIA,0.0,0.0,0.0,0.0,0.0,-1.0,-1.0,-10.0
26-11-2011,SALDO INICIAL,,,,14.0,,45.0,79.0,891.0
26-11-2011,COMPRA,,,,48.0,68.0,120.0,275.0,1000.0
26-11-2011,VENTA TOTAL,0.0,0.0,0.0,3.0,22.0,23.0,41.0,203.0
26-11-2011,SERVICIO,0.0,0.0,0.0,0.0,0.0,0.0,0.0,12.0
26-11-2011,ROTAS,0.0,0.0,0.0,0.0,0.0,3.0,5.0,23.0
26-11-2011,SALDO,0.0,0.0,0.0,59.0,46.0,139.0,308.0,1653.0
26-11-2011,SALDO REAL,,,,59.0,46.0,129.0,300.0,1655.0
26-11-2011,DIFERENCIA,0.0,0.0,0.0,0.0,0.0,-10.0,-8.0,2.0
27-11-2011,SALDO INICIAL,,,,59.0,46.0,129.0,300.0,1655.0
27-11-2011,COMPRA,,,,,,,,
27-11-2011,VENTA TOTAL,0.0,0.0,0.0,43.0,45.0,87.0,245.0,744.0
27-11-2011,SERVICIO,0.0,0.0,0.0,2.0,0.0,0.0,2.0,38.0
27-11-2011,ROTAS,0.0,0.0,0.0,0.0,0.0,3.0,0.0,20.0
27-11-2011,SALDO,0.0,0.0,0.0,14.0,1.0,39.0,53.0,853.0
27-11-2011,SALDO REAL,,,,12.0,1.0,48.0,40.0,808.0
27-11-2011,DIFERENCIA,0.0,0.0,0.0,-2.0,0.0,9.0,-13.0,-45.0
28-11-2011,SALDO INICIAL,,,,12.0,1.0,48.0,40.0,808.0
28-11-2011,COMPRA,,,,,,48.0,150.0,300.0
28-11-2011,VENTA TOTAL,0.0,0.0,0.0,7.0,1.0,56.0,69.0,541.0
28-11-2011,SERVICIO,0.0,0.0,0.0,0.0,0.0,0.0,0.0,24.0
28-11-2011,ROTAS,0.0,0.0,0.0,6.0,0.0,4.0,15.0,99.0
28-11-2011,SALDO,0.0,0.0,0.0,-1.0,0.0,36.0,106.0,444.0
28-11-2011,SALDO REAL,,,,,,33.0,107.0,444.0
28-11-2011,DIFERENCIA,0.0,0.0,0.0,1.0,0.0,-3.0,1.0,0.0
30-11-2011,SALDO INICIAL,,,,,,33.0,107.0,444.0
30-11-2011,COMPRA,,,,,,,,
30-11-2011,VENTA TOTAL,0.0,0.0,0.0,0.0,0.0,10.0,21.0,164.0
30-11-2011,SERVICIO,0.0,0.0,0.0,0.0,0.0,0.0,0.0,12.0
30-11-2011,ROTAS,0.0,0.0,0.0,0.0,0.0,0.0,0.0,25.0
30-11-2011,SALDO,0.0,0.0,0.0,0.0,0.0,23.0,86.0,243.0
30-11-2011,SALDO REAL,,,,,,23.0,86.0,236.0
30-11-2011,DIFERENCIA,0.0,0.0,0.0,0.0,0.0,0.0,0.0,-7.0
