nombre_hoja,astromelias,lisiantus,montoneras,gladiolo,ramito,crisantemo,rosa,clavel
04-11-2011,,,3.0,4.0,3.0,3.5,5.0,1.69
05-11-2011,,,3.0,4.0,3.0,3.5,5.0,1.69
06-11-2011,,,3.0,4.0,3.0,3.5,5.0,1.69
10-11-2011,,,3.0,4.0,3.0,3.5,5.0,1.69
11-11-2011,,,3.0,4.0,3.0,3.5,5.0,1.69
12-11-2011,,,3.0,4.0,3.0,3.5,5.0,1.69
13-11-2011,,,3.0,4.0,3.0,3.5,5.0,1.69
16-11-2011,,,3.0,4.0,3.0,3.5,5.0,1.69
18-11-2011,,,3.0,4.0,3.0,3.5,5.0,1.69
19-11-2011,,,3.0,4.0,3.0,3.5,5.0,1.69
20-11-2011,,,3.0,4.0,3.0,3.5,5.0,1.69
25-11-2011,,,3.0,4.0,3.0,3.5,5.0,1.69
26-11-2011,,,3.0,4.0,3.0,3.5,5.0,1.69
27-11-2011,,,3.0,4.0,3.0,3.5,5.0,1.69
28-11-2011,,,3.0,4.0,3.0,3.5,5.0,1.69
30-11-2011,,,3.0,4.0,3.0,3.5,5.0,1.69
