nombre_hoja,astromelias,lisiantus,montoneras,gladiolo,ramito,crisantemo,rosa,clavel
01-10-2011,,,3.0,4.0,3.0,3.5,5.0,1.69
02-10-2011,,,3.0,4.0,3.0,3.5,5.0,1.69
05-10-2011,,,3.0,4.0,3.0,3.5,5.0,1.69
07-10-2011,,,3.0,4.0,3.0,3.5,5.0,1.69
08-10-2011,,,3.0,4.0,3.0,3.5,5.0,1.69
14-10-2011,,,3.0,4.0,3.0,3.5,5.0,1.69
15-10-2011,3.0,,3.0,4.0,3.0,3.5,5.0,1.69
16-10-2011,,,3.0,4.0,3.0,3.5,5.0,1.69
17-10-2011,3.0,,3.0,4.0,3.0,3.5,5.0,1.69
22-10-2011,,,3.0,4.0,3.0,3.5,5.0,1.69
23-10-2011,3.0,,3.0,4.0,3.0,3.5,5.0,1.69
24-10-2011,,,3.0,4.0,3.0,3.5,5.0,1.69
26-10-2011,,,3.0,4.0,3.0,3.5,5.0,1.69
27-10-2011,,,3.0,4.0,3.0,3.5,5.0,1.69
29-10-2011,,,3.0,4.0,3.0,3.5,5.0,1.69
30-10-2011,,,3.0,4.0,3.0,3.5,5.0,1.69
