fecha,astromelias,lisiantus,montoneras,gladiolo,ramito,crisantemo,rosa,clavel
11-09-2011,0,0,3.0,4.0,3.0,3.5,5.0,1.69
17-09-2011,0,0,3.0,4.0,3.0,3.5,5.0,1.69
18-09-2011,0,0,3.0,4.0,3.0,3.5,5.0,1.69
19-09-2011,0,0,3.0,4.0,3.0,3.5,5.0,1.69
20-09-2011,0,0,3.0,4.0,3.0,3.5,5.0,1.69
21-09-2011,0,0,3.0,4.0,3.0,3.5,5.0,1.69
22-09-2011,0,0,3.0,4.0,3.0,3.5,5.0,1.69
23-09-2011,0,0,3.0,4.0,3.0,3.5,5.0,1.69
24-09-2011,0,0,3.0,4.0,3.0,3.5,5.0,1.69
25-09-2011,0,0,3.0,4.0,3.0,3.5,5.0,1.69
28-09-2011,0,0,3.0,4.0,3.0,3.5,5.0,1.69
29-09-2011,0,0,3.0,4.0,3.0,3.5,5.0,1.69
30-09-2011,0,0,3.0,4.0,3.0,3.5,5.0,1.69
