nombre_hoja,astromelias,lisiantus,montoneras,gladiolo,ramito,crisantemo,rosa,clavel
01-12-2011,,,3.0,4.0,3.0,3.5,5.0,1.69
03-12-2011,,,3.0,4.0,3.0,3.5,5.0,1.69
04-12-2011,,,3.0,4.0,3.0,3.5,5.0,1.69
07-12-2011,,,3.0,4.0,3.0,3.5,5.0,1.69
08-12-2011,,,3.0,4.0,10.0,3.5,5.0,1.69
10-12-2011,3.0,,3.0,4.0,3.0,3.5,5.0,1.69
11-12-2011,3.0,,3.0,4.0,3.0,3.5,5.0,1.69
13-12-2011,3.0,,3.0,4.0,3.0,3.5,5.0,1.69
15-12-2011,3.0,,3.0,4.0,3.0,3.5,5.0,1.69
17-12-2011,3.0,,3.0,4.0,3.0,3.5,5.0,1.69
18-12-2011,3.0,,3.0,4.0,3.0,3.5,5.0,1.69
21-12-2011,3.0,,3.0,4.0,3.0,3.5,5.0,1.69
22-12-2011,3.0,,3.0,4.0,3.0,3.5,5.0,1.69
23-12-2011,3.0,,3.0,4.0,3.0,3.5,5.0,1.69
24-12-2011,3.0,,3.0,4.0,3.0,3.5,5.0,1.69
25-12-2011,3.0,,3.0,4.0,3.0,3.5,5.0,1.69
30-12-2011,3.0,,3.0,4.0,3.0,3.5,5.0,1.9
31-12-2011,3.0,,3.0,4.0,3.0,3.5,5.0,1.9
